2 0.6674723756906077 0.5992798353909465 0.07113259668508287 0.7016460905349795
0 0.6736878453038674 0.34130658436213995 0.03867403314917127 0.03446502057613169
0 0.6893991712707183 0.4061213991769548 0.010704419889502763 0.01697530864197531
0 0.6849102209944751 0.43158436213991774 0.0162292817679558 0.02469135802469136
0 0.6719613259668508 0.46887860082304533 0.026243093922651933 0.03137860082304527
0 0.6799033149171271 0.5550411522633746 0.020027624309392263 0.02469135802469136
0 0.6868093922651933 0.6033950617283951 0.023480662983425413 0.02263374485596708
0 0.6567679558011049 0.6401748971193416 0.026933701657458564 0.02623456790123457
0 0.6510704419889503 0.7852366255144033 0.023825966850828727 0.02726337448559671
0 0.681457182320442 0.822530864197531 0.028660220994475138 0.03703703703703704
0 0.6717886740331491 0.9066358024691359 0.026588397790055247 0.03960905349794239
