2 0.49288712686567165 0.5586376404494382 0.12103544776119403 0.8778089887640449
0 0.4553404850746269 0.1641502808988764 0.044542910447761194 0.051615168539325844
0 0.46047108208955223 0.30775983146067415 0.024953358208955223 0.030547752808988762
0 0.4948694029850746 0.3026685393258427 0.013059701492537313 0.020365168539325844
0 0.5159748134328358 0.352001404494382 0.0240205223880597 0.016502808988764044
0 0.5160914179104478 0.409936797752809 0.017257462686567165 0.012991573033707866
0 0.5211054104477612 0.4750702247191011 0.021688432835820896 0.016151685393258425
0 0.523554104477612 0.6186797752808989 0.020988805970149252 0.023876404494382022
0 0.46956623134328357 0.6880266853932584 0.02448694029850746 0.026334269662921347
0 0.5325326492537313 0.8512991573033708 0.01655783582089552 0.014396067415730338
0 0.5103777985074627 0.8748244382022472 0.013292910447761194 0.030547752808988762
0 0.5060634328358209 0.9348665730337078 0.020988805970149252 0.034058988764044944
