2 0.5078125 0.5598665730337079 0.12756529850746268 0.8802668539325842
0 0.5438432835820896 0.16450140449438203 0.04617537313432836 0.051615168539325844
0 0.5046641791044776 0.3053019662921348 0.01632462686567164 0.024929775280898875
0 0.48332555970149255 0.3534058988764045 0.021688432835820896 0.01720505617977528
0 0.4847248134328358 0.41134129213483145 0.018889925373134327 0.016502808988764044
0 0.480410447761194 0.47366573033707865 0.023320895522388058 0.011938202247191011
0 0.47621268656716415 0.6172752808988764 0.025186567164179104 0.024578651685393256
0 0.5305503731343284 0.6829353932584269 0.026119402985074626 0.03792134831460674
0 0.4899720149253731 0.8785112359550562 0.010727611940298507 0.0273876404494382
0 0.4924207089552239 0.934691011235955 0.021688432835820896 0.03160112359550562
