2 0.494169776119403 0.4401334269662921 0.12220149253731342 0.879564606741573
0 0.4594216417910448 0.835498595505618 0.046641791044776115 0.05372191011235955
0 0.4635027985074627 0.6924157303370786 0.022621268656716417 0.026685393258426966
0 0.4944029850746269 0.6990870786516854 0.014458955223880597 0.02598314606741573
0 0.5160914179104478 0.6492275280898876 0.025186567164179104 0.01896067415730337
0 0.5186567164179104 0.5224719101123595 0.021455223880597014 0.018258426966292134
0 0.5219216417910447 0.3811446629213483 0.020988805970149252 0.02422752808988764
0 0.47189832089552236 0.31741573033707865 0.026352611940298507 0.0351123595505618
0 0.5066464552238806 0.06530898876404494 0.02308768656716418 0.03651685393258427
0 0.5095615671641791 0.1251755617977528 0.015391791044776119 0.033356741573033706
