2 0.5611666666666667 0.537 0.658 0.4055
0 0.8251666666666666 0.69725 0.049999999999999996 0.0825
0 0.8371666666666666 0.57925 0.03333333333333333 0.075
0 0.76225 0.661375 0.031166666666666665 0.05425
0 0.7270833333333333 0.587 0.018833333333333334 0.051000000000000004
0 0.702 0.55 0.033999999999999996 0.0575
0 0.6085833333333334 0.57825 0.034166666666666665 0.051000000000000004
0 0.5799166666666666 0.517375 0.034833333333333334 0.059750000000000004
0 0.4995 0.5375 0.03766666666666667 0.0325
0 0.46575 0.48575 0.031166666666666665 0.038
