2 0.05275 0.819625 0.10516666666666666 0.27325
2 0.5173333333333333 0.50975 0.7253333333333333 0.212
0 0.8260833333333333 0.42612500000000003 0.03183333333333333 0.05525
0 0.75 0.49175 0.02733333333333333 0.05
0 0.71925 0.483375 0.020166666666666666 0.03325
0 0.6326666666666666 0.509875 0.012 0.02825
0 0.5721666666666666 0.51325 0.014666666666666666 0.036000000000000004
0 0.5177499999999999 0.527375 0.0135 0.03475
0 0.48033333333333333 0.4825 0.022333333333333334 0.0275
0 0.3998333333333333 0.505375 0.016 0.03825
0 0.3799166666666667 0.5337500000000001 0.013833333333333333 0.025
0 0.36116666666666664 0.556125 0.011 0.02525
