2 0.5165833333333333 0.5630000000000001 0.0775 0.612
0 0.54325 0.28300000000000003 0.01983333333333333 0.0285
0 0.5408333333333333 0.320375 0.012 0.01325
0 0.5036666666666666 0.32 0.016 0.0165
0 0.5053333333333333 0.35962500000000003 0.017666666666666667 0.014750000000000001
0 0.5158333333333334 0.41325 0.012333333333333333 0.0265
0 0.49874999999999997 0.434 0.01583333333333333 0.017
0 0.49966666666666665 0.47475 0.020666666666666667 0.0135
0 0.5190833333333333 0.488875 0.009166666666666667 0.02125
0 0.49391666666666667 0.6245 0.019166666666666665 0.015
0 0.50425 0.6715 0.009833333333333333 0.0185
0 0.4923333333333333 0.69525 0.015333333333333332 0.014
0 0.5138333333333334 0.74925 0.015 0.023
