2 0.5150833333333333 0.435875 0.0775 0.6032500000000001
0 0.5435833333333333 0.719125 0.01983333333333333 0.02875
0 0.53825 0.68025 0.0135 0.017
0 0.5048333333333334 0.677875 0.016 0.02275
0 0.50425 0.6411250000000001 0.014166666666666666 0.01975
0 0.5163333333333333 0.58825 0.01 0.0235
0 0.501 0.564625 0.012 0.02075
0 0.4995 0.52225 0.016666666666666666 0.017
0 0.5187499999999999 0.511875 0.007833333333333333 0.02075
0 0.49274999999999997 0.3755 0.017499999999999998 0.015
0 0.5053333333333333 0.32575 0.007 0.0185
0 0.49133333333333334 0.306125 0.014666666666666666 0.01625
0 0.5115833333333333 0.254 0.013166666666666667 0.026000000000000002
