2 0.4835833333333333 0.438 0.07983333333333333 0.61
0 0.4588333333333333 0.717375 0.028666666666666667 0.025750000000000002
0 0.45991666666666664 0.6793750000000001 0.012499999999999999 0.012750000000000001
0 0.4948333333333333 0.641875 0.015666666666666666 0.01325
0 0.48424999999999996 0.589 0.0115 0.023
0 0.4998333333333333 0.56475 0.013 0.0135
0 0.4989166666666667 0.525625 0.0165 0.01225
0 0.48141666666666666 0.509 0.007166666666666667 0.0195
0 0.5060833333333333 0.374625 0.017499999999999998 0.01175
0 0.4948333333333333 0.32725 0.009666666666666667 0.0155
0 0.5075833333333333 0.30325 0.017166666666666667 0.012
0 0.4855833333333333 0.25175000000000003 0.015166666666666667 0.021
