2 0.48391666666666666 0.5625 0.0775 0.613
0 0.4885 0.7448750000000001 0.014666666666666666 0.02275
0 0.5080833333333333 0.692875 0.014166666666666666 0.01425
0 0.4953333333333333 0.6715 0.01 0.0195
0 0.508 0.626625 0.021666666666666667 0.01925
0 0.499 0.47400000000000003 0.01633333333333333 0.017
0 0.48233333333333334 0.48825 0.012 0.018000000000000002
0 0.4995 0.43375 0.012333333333333333 0.0165
0 0.48383333333333334 0.40975 0.011 0.024
0 0.49516666666666664 0.35725 0.010333333333333333 0.0155
0 0.4578333333333333 0.281625 0.021333333333333333 0.02725
0 0.46075 0.324125 0.013166666666666667 0.01225
0 0.49391666666666667 0.317625 0.0135 0.01925
