2 0.48991578014184395 0.6748670212765957 0.15048758865248227 0.6502659574468085
0 0.4514627659574468 0.42686170212765956 0.0500886524822695 0.05651595744680851
0 0.534906914893617 0.44680851063829785 0.05031028368794326 0.06981382978723404
0 0.525709219858156 0.3723404255319149 0.02304964539007092 0.036569148936170214
0 0.5285904255319149 0.5403922872340425 0.050975177304964536 0.07746010638297872
0 0.4470301418439716 0.48819813829787234 0.035460992907801414 0.0555186170212766
0 0.525709219858156 0.6073803191489362 0.0199468085106383 0.05651595744680851
0 0.45290336879432624 0.667220744680851 0.04277482269503546 0.05186170212765957
0 0.5290336879432624 0.7353723404255319 0.047429078014184396 0.04853723404255319
0 0.5009973404255319 0.8327792553191489 0.0339095744680851 0.06648936170212766
