2 0.4905806737588652 0.3179853723404255 0.15226063829787234 0.6353058510638298
0 0.455895390070922 0.5791223404255319 0.05629432624113475 0.06449468085106383
0 0.5415558510638298 0.5553523936170213 0.05031028368794326 0.07413563829787234
0 0.4517952127659574 0.5059840425531915 0.036125886524822695 0.04454787234042553
0 0.5212765957446809 0.4677526595744681 0.04343971631205674 0.061170212765957445
0 0.520168439716312 0.3962765957446808 0.02349290780141844 0.05784574468085106
0 0.4525709219858156 0.3342752659574468 0.04210992907801418 0.05751329787234043
0 0.5304742907801419 0.26163563829787234 0.04144503546099291 0.049867021276595744
0 0.4962322695035461 0.16190159574468085 0.03324468085106383 0.0678191489361702
0 0.4761746453900709 0.08211436170212766 0.018395390070921985 0.054521276595744676
