2 0.5105274822695035 0.675033244680851 0.1566932624113475 0.6439494680851063
0 0.45766843971631205 0.44780585106382975 0.04654255319148936 0.07180851063829786
0 0.5478723404255319 0.42785904255319146 0.045212765957446804 0.0678191489361702
0 0.5489804964539007 0.48836436170212766 0.03235815602836879 0.04654255319148936
0 0.47761524822695034 0.5365691489361702 0.04654255319148936 0.0764627659574468
0 0.47761524822695034 0.6067154255319149 0.024379432624113476 0.05984042553191489
0 0.5456560283687943 0.6650598404255319 0.037677304964539006 0.052194148936170214
0 0.47285017730496454 0.734873670212766 0.04277482269503546 0.047539893617021274
0 0.499113475177305 0.8467420212765957 0.031914893617021274 0.0678191489361702
0 0.5223847517730497 0.917719414893617 0.02349290780141844 0.06549202127659574
