2 0.4166666666666667 0.5271739130434783 0.686231884057971 0.1923913043478261
0 0.7260869565217392 0.4849184782608696 0.03260869565217391 0.07038043478260869
0 0.6064311594202899 0.4964673913043478 0.019021739130434784 0.04456521739130435
0 0.5460144927536232 0.5027173913043478 0.018115942028985508 0.03804347826086957
0 0.4993659420289855 0.49008152173913044 0.015036231884057972 0.03342391304347826
0 0.4440217391304348 0.4797554347826087 0.013768115942028985 0.044293478260869566
0 0.38224637681159424 0.49429347826086956 0.02391304347826087 0.03695652173913044
0 0.3252717391304348 0.5005434782608695 0.022644927536231884 0.03369565217391304
0 0.2677536231884058 0.5138586956521739 0.021014492753623187 0.027717391304347826
0 0.22346014492753624 0.47391304347826085 0.024094202898550725 0.043478260869565216
0 0.17391304347826086 0.47078804347826086 0.021014492753623187 0.0453804347826087
