2 0.5786231884057971 0.4766304347826087 0.6898550724637681 0.1934782608695652
0 0.2710144927536232 0.5127717391304348 0.040942028985507244 0.06902173913043479
0 0.39311594202898553 0.503804347826087 0.01920289855072464 0.043478260869565216
0 0.45362318840579713 0.49605978260869565 0.01920289855072464 0.035597826086956524
0 0.5002717391304348 0.5073369565217392 0.0161231884057971 0.04565217391304348
0 0.5528079710144927 0.5190217391304348 0.019746376811594205 0.05489130434782609
0 0.618840579710145 0.5073369565217392 0.02427536231884058 0.034782608695652174
0 0.6757246376811594 0.5057065217391304 0.021376811594202898 0.03804347826086957
0 0.7305253623188406 0.48682065217391307 0.022282608695652174 0.029619565217391303
0 0.7753623188405797 0.5232336956521739 0.017753623188405798 0.051358695652173915
0 0.8288949275362318 0.5282608695652175 0.020108695652173915 0.059782608695652176
