2 0.41992753623188406 0.47554347826086957 0.6884057971014493 0.1956521739130435
0 0.727536231884058 0.5144021739130434 0.03985507246376812 0.07065217391304347
0 0.6068840579710145 0.5085597826086956 0.025362318840579712 0.04483695652173913
0 0.5458333333333334 0.4987771739130435 0.01920289855072464 0.04266304347826087
0 0.44673913043478264 0.5190217391304348 0.013405797101449275 0.044021739130434785
0 0.49846014492753626 0.5139945652173913 0.01358695652173913 0.03885869565217391
0 0.3780797101449275 0.5073369565217392 0.02427536231884058 0.03967391304347826
0 0.325 0.5010869565217392 0.021739130434782608 0.03967391304347826
0 0.27092391304347824 0.4824728260869565 0.03568840579710145 0.044293478260869566
0 0.2257246376811594 0.5269021739130435 0.015579710144927537 0.04891304347826087
0 0.17182971014492754 0.5275815217391304 0.01358695652173913 0.050271739130434784
