2 0.6383426966292135 0.5004664179104478 0.1652621722846442 0.7639925373134329
0 0.6643258426966292 0.19029850746268656 0.05056179775280899 0.029228855721393034
0 0.6079119850187266 0.2386504975124378 0.04073033707865169 0.01958955223880597
0 0.6132958801498127 0.29073383084577115 0.03932584269662921 0.026119402985074626
0 0.6172752808988764 0.3375310945273632 0.030430711610486893 0.023320895522388058
0 0.6345973782771536 0.4423196517412935 0.037921348314606744 0.029539800995024876
0 0.6125936329588015 0.5808457711442786 0.021067415730337078 0.023009950248756218
0 0.5994850187265918 0.6263992537313433 0.032303370786516857 0.020833333333333332
0 0.6317883895131087 0.6794154228855721 0.024812734082397005 0.03233830845771144
0 0.6280430711610487 0.7260572139303483 0.02762172284644195 0.027985074626865673
0 0.6264044943820225 0.7739427860696517 0.027153558052434457 0.025497512437810944
