2 0.4989130434782609 0.5076086956521739 0.12028985507246377 0.6467391304347826
1 0.5419384057971015 0.2926630434782609 0.03315217391304348 0.03260869565217391
1 0.5118659420289855 0.5353260869565217 0.03423913043478261 0.028804347826086957
0 0.5342391304347827 0.2470108695652174 0.02463768115942029 0.025
0 0.5528985507246377 0.2125 0.013043478260869566 0.029347826086956522
0 0.5060688405797101 0.19959239130434783 0.019746376811594205 0.01657608695652174
0 0.5166666666666667 0.32432065217391304 0.06920289855072465 0.06005434782608696
0 0.4891304347826087 0.4740489130434783 0.04384057971014493 0.05190217391304348
0 0.4831521739130435 0.516983695652174 0.03333333333333333 0.03994565217391304
0 0.47608695652173916 0.5660326086956522 0.03297101449275362 0.04673913043478261
0 0.4731884057971015 0.6188858695652174 0.03152173913043478 0.04266304347826087
0 0.4657608695652174 0.6635869565217392 0.025362318840579712 0.04021739130434783
0 0.4661231884057971 0.7171195652173913 0.020289855072463767 0.041304347826086954
0 0.4644021739130435 0.7577445652173913 0.019021739130434784 0.03288043478260869
0 0.4545289855072464 0.8020380434782609 0.028985507246376812 0.02418478260869565
