2 0.5010869565217392 0.49782608695652175 0.1391304347826087 0.7380434782608696
1 0.4934782608695652 0.8114130434782609 0.042753623188405795 0.06304347826086956
0 0.4548913043478261 0.8032608695652174 0.030434782608695653 0.03858695652173913
0 0.4706521739130435 0.7391304347826088 0.05326086956521739 0.025543478260869567
0 0.47500000000000003 0.69375 0.058695652173913045 0.05326086956521739
0 0.49094202898550726 0.6341032608695653 0.06739130434782609 0.04701086956521739
0 0.4926630434782609 0.5836956521739131 0.07807971014492754 0.04782608695652174
0 0.48831521739130435 0.5283967391304348 0.06358695652173914 0.042119565217391304
0 0.5315217391304348 0.3690217391304348 0.043115942028985506 0.058152173913043476
0 0.5444746376811594 0.2698369565217391 0.03242753623188406 0.05326086956521739
