2 0.4996376811594203 0.4875 0.12608695652173912 0.6413043478260869
1 0.48632246376811594 0.45883152173913044 0.027355072463768115 0.02798913043478261
1 0.45905797101449275 0.706929347826087 0.028985507246376812 0.025815217391304348
0 0.4911231884057971 0.7979619565217392 0.025724637681159422 0.017663043478260868
0 0.46494565217391304 0.7506793478260869 0.03134057971014493 0.029076086956521738
0 0.44809782608695653 0.7887228260869565 0.012862318840579711 0.02418478260869565
0 0.48432971014492754 0.6744565217391304 0.06757246376811595 0.06521739130434782
0 0.5068840579710145 0.5264945652173914 0.042753623188405795 0.036141304347826086
0 0.5151268115942029 0.4800271739130435 0.03170289855072464 0.03994565217391304
0 0.5215579710144927 0.43546195652173914 0.036594202898550726 0.050815217391304346
0 0.5269927536231884 0.3813858695652174 0.035507246376811595 0.03940217391304348
0 0.5313405797101449 0.3402173913043478 0.028985507246376812 0.04782608695652174
0 0.5298007246376811 0.28627717391304347 0.020108695652173915 0.04701086956521739
0 0.5321557971014493 0.24456521739130435 0.01684782608695652 0.027717391304347826
0 0.5454710144927536 0.20176630434782608 0.0322463768115942 0.029076086956521738
