2 0.49927536231884057 0.5076086956521739 0.12101449275362319 0.6423913043478261
1 0.48840579710144927 0.5396739130434782 0.034057971014492754 0.0391304347826087
1 0.4641304347826087 0.2967391304347826 0.03768115942028986 0.04021739130434783
0 0.46893115942028984 0.24891304347826088 0.029891304347826088 0.03641304347826087
0 0.44882246376811596 0.21589673913043478 0.017572463768115942 0.024728260869565217
0 0.49927536231884057 0.20258152173913044 0.02427536231884058 0.035597826086956524
0 0.5100543478260869 0.4736413043478261 0.035326086956521736 0.0391304347826087
0 0.519927536231884 0.5158967391304348 0.02717391304347826 0.03451086956521739
0 0.5239130434782608 0.5661684782608696 0.03333333333333333 0.04646739130434783
0 0.5294384057971014 0.6179347826086956 0.03460144927536232 0.03315217391304348
0 0.5334239130434782 0.6620923913043478 0.024818840579710146 0.04646739130434783
0 0.5318840579710145 0.7146739130434783 0.021739130434782608 0.03695652173913044
0 0.5480978260869566 0.7978260869565218 0.023731884057971015 0.021739130434782608
